235
328
150
117
214
205
151
417
359
237
388
353
144
185
171
258
295
360
402
236
340
262
268
192
274
290
276
305
352
127
397
375
356
260
241
140
326
349
122
312
282
196
348
119
124
215
147
114
163
170
310
387
136
133
294
231
234
333
303
354
246
357
269
266
200
135
351
175
161
186
418
399
228
212
270
279
232
316
273
191
393
141
116
128
288
227
156
155
285
395
367
382
168
361
275
164
210
193
292
115
391
291
177
346
338
286
271
233
396
238
153
125
211
118
152
392
345
350
143
277
253
385
404
198
302
162
347
314
132
383
307
293
217
199
226
313
315
224
240
220
223
281
386
149
130
184
358
336
343
243
172
261
245
248
369
344
244
263
342
341
413
264
213
372
364
134
158
384
176
225
363
283
239
280
389
272
209
201
267
308
390
194
159
